0.6886454224586487 0.015293051488697529
0.017195187509059906 1.4392231702804565
5.911660671234131 0.00898313894867897
1.8980231285095215 0.008829286321997643
3.0144054889678955 0.006741693709045649
0.025229863822460175 0.5958806872367859
1.7875936031341553 0.021876096725463867
0.007262358441948891 1.5057263374328613
0.014942214824259281 5.771383285522461
2.884848117828369 0.04281092435121536
0.13985052704811096 2.447094202041626
0.026628902181982994 0.007433589082211256
0.04055553302168846 4.358755111694336
0.10511066764593124 0.03191326931118965
2.2858006954193115 0.0558638796210289
0.021853690966963768 0.8232681751251221
0.009196430444717407 0.6377911567687988
0.08621916174888611 1.1980623006820679
0.020403273403644562 2.135204553604126
0.016176370903849602 1.7059193849563599
0.11652251332998276 0.06205294281244278
0.39622360467910767 0.4065311551094055
0.04890398681163788 2.2416274547576904
0.02515682578086853 0.07057403773069382
0.03986695408821106 1.2003850936889648
0.032212864607572556 5.951131820678711
0.016766618937253952 4.963566303253174
0.016879230737686157 2.4938783645629883
6.00621223449707 0.03003966063261032
0.021706491708755493 0.16806694865226746
0.08510342240333557 0.0954475998878479
1.8895294666290283 0.05974998697638512
0.01567470096051693 2.5415797233581543
2.842320203781128 0.035385612398386
1.6474683284759521 0.028185680508613586
3.7008094787597656 0.08541559427976608
0.026233717799186707 2.6272337436676025
0.09034880995750427 0.6343463659286499
2.423077344894409 0.02587183564901352
0.03729812800884247 3.624055862426758
0.006316557992249727 1.8489065170288086
0.48408228158950806 1.7832434177398682
0.008334229700267315 3.4498965740203857
0.03190985694527626 2.965073347091675
0.027525870129466057 7.179573059082031
0.09646758437156677 4.570329189300537
6.560525417327881 0.03770142048597336
0.10212693363428116 3.020775318145752
0.08390966802835464 0.050117127597332
0.10807330161333084 1.4497706890106201
0.010514726862311363 5.790823936462402
0.08707865327596664 3.394765853881836
0.4337947964668274 0.6482372283935547
6.902050018310547 0.027710583060979843
0.03817390277981758 4.082008361816406
1.0467392206192017 0.47820836305618286
0.7327198386192322 0.5465071201324463
0.2099456489086151 0.0639619454741478
0.2918793559074402 0.024659257382154465
5.392508506774902 0.024671703577041626
0.6358469128608704 0.11089172214269638
0.09823627769947052 0.9098498225212097
0.3009535074234009 1.5687949657440186
0.11305221915245056 2.8885178565979004
0.7644841074943542 1.8676226139068604
0.08418496698141098 0.026718158274888992
0.03612682223320007 2.0702760219573975
0.09758938103914261 3.0769643783569336
0.026903092861175537 2.360351085662842
0.16453693807125092 0.5413432121276855
0.9874495267868042 0.518690824508667
