0.9782750010490417 0.02172498218715191
0.01180648896843195 0.9881935119628906
0.9984827637672424 0.0015172570711001754
0.9953697323799133 0.004630293697118759
0.9977684617042542 0.0022315012756735086
0.04062056913971901 0.9593794345855713
0.9879102110862732 0.012089783325791359
0.004800008609890938 0.995199978351593
0.0025823323521763086 0.997417688369751
0.9853770732879639 0.01462292019277811
0.054060112684965134 0.945939838886261
0.7817661762237549 0.2182338684797287
0.00921861082315445 0.9907814264297485
0.7670971155166626 0.2329028695821762
0.9761435389518738 0.02385648339986801
0.025858627632260323 0.9741413593292236
0.014214230701327324 0.9857858419418335
0.06713416427373886 0.9328657984733582
0.009465206414461136 0.9905347228050232
0.00939342100173235 0.9906066060066223
0.6525113582611084 0.3474886417388916
0.4935798943042755 0.5064201354980469
0.021350499242544174 0.9786494970321655
0.26278698444366455 0.7372130155563354
0.03214423730969429 0.9678558111190796
0.005383755546063185 0.9946162700653076
0.0033665660303086042 0.9966334700584412
0.006722763646394014 0.9932771921157837
0.9950234293937683 0.004976541735231876
0.1143810823559761 0.8856189250946045
0.4713538587093353 0.5286461114883423
0.9693476557731628 0.030652346089482307
0.006129504181444645 0.9938705563545227
0.9877035617828369 0.012296466156840324
0.9831792712211609 0.01682070456445217
0.9774404168128967 0.02255956642329693
0.00988657958805561 0.9901134371757507
0.12467145919799805 0.8753284811973572
0.9894355535507202 0.010564464144408703
0.010186976753175259 0.9898130297660828
0.0034047430381178856 0.9965952634811401
0.2135036438703537 0.7864964008331299
0.002409969223663211 0.9975900650024414
0.010647325776517391 0.9893526434898376
0.0038192719221115112 0.9961807131767273
0.020671049132943153 0.979328989982605
0.9942861199378967 0.005713871214538813
0.032702572643756866 0.9672974348068237
0.6260663866996765 0.3739336431026459
0.06937362998723984 0.9306263327598572
0.0018124656053259969 0.9981875419616699
0.02500934712588787 0.9749906659126282
0.40090757608413696 0.5990924835205078
0.9960012435913086 0.003998779226094484
0.009265100583434105 0.9907349348068237
0.6864099502563477 0.31359001994132996
0.5727832913398743 0.42721667885780334
0.7664834856987 0.23351649940013885
0.9220972061157227 0.07790284603834152
0.9954456686973572 0.004554344341158867
0.8514986634254456 0.14850139617919922
0.09744830429553986 0.9025517106056213
0.16095934808254242 0.8390406370162964
0.03766436129808426 0.9623356461524963
0.2904457151889801 0.7095542550086975
0.7590855956077576 0.24091437458992004
0.01715095527470112 0.9828490018844604
0.0307411327958107 0.9692588448524475
0.011269471608102322 0.9887304902076721
0.233094722032547 0.7669052481651306
0.6556158661842346 0.3443841338157654
